0 0.550316 0.427273 0.081672 0.272727
0 0.555177 0.793182 0.075839 0.286364
0 0.628099 0.440909 0.081672 0.272727
0 0.625182 0.793182 0.075839 0.286364
0 0.699076 0.793182 0.075839 0.286364
0 0.703938 0.415909 0.081672 0.313636
0 0.775887 0.440909 0.081672 0.236364
0 0.774915 0.806818 0.075839 0.286364
0 0.850754 0.802273 0.075839 0.286364
0 0.852698 0.429545 0.075839 0.259091
0 0.157511 0.409091 0.081672 0.318182
0 0.156539 0.784091 0.075839 0.259091
0 0.245017 0.390909 0.081672 0.318182
0 0.251823 0.784091 0.075839 0.304545
0 0.324745 0.390909 0.081672 0.318182
0 0.392805 0.390909 0.081672 0.318182
0 0.403500 0.802273 0.075839 0.304545
0 0.472533 0.400000 0.081672 0.318182
0 0.475450 0.797727 0.075839 0.304545