0 0.411442 0.108108 0.039185 0.088252
0 0.410658 0.263651 0.037618 0.077220
0 0.414577 0.409266 0.042320 0.090458
0 0.057994 0.953116 0.037618 0.070601
0 0.423981 0.952013 0.039185 0.081633
0 0.440439 0.826255 0.040752 0.081633
0 0.442790 0.691671 0.039185 0.077220
0 0.442790 0.554881 0.039185 0.077220
0 0.446708 0.407060 0.034483 0.090458
0 0.450627 0.112521 0.039185 0.088252
0 0.452194 0.958632 0.039185 0.072808
0 0.451411 0.259239 0.037618 0.077220
0 0.474922 0.826255 0.040752 0.081633
0 0.481975 0.561500 0.039185 0.077220
0 0.483542 0.680640 0.039185 0.077220
0 0.484326 0.411473 0.034483 0.090458
0 0.489812 0.114727 0.039185 0.088252
0 0.491379 0.954220 0.039185 0.081633
0 0.490596 0.263651 0.037618 0.077220
0 0.065047 0.084942 0.036050 0.103696
0 0.067398 0.244898 0.037618 0.101489
0 0.518809 0.824049 0.040752 0.081633
0 0.518025 0.565913 0.039185 0.077220
0 0.519592 0.687259 0.039185 0.077220
0 0.527429 0.947601 0.039185 0.081633
0 0.527429 0.414782 0.039185 0.079426
0 0.528213 0.265858 0.037618 0.077220
0 0.535266 0.114727 0.039185 0.088252
0 0.554075 0.563707 0.039185 0.077220
0 0.557210 0.685052 0.039185 0.077220
0 0.558777 0.958632 0.039185 0.072808
0 0.563480 0.414782 0.039185 0.079426
0 0.567398 0.265858 0.037618 0.077220
0 0.074451 0.550469 0.039185 0.086045
0 0.572884 0.121346 0.039185 0.088252
0 0.076019 0.402648 0.039185 0.086045
0 0.588558 0.691671 0.039185 0.086045
0 0.590125 0.565913 0.039185 0.077220
0 0.591693 0.956426 0.039185 0.072808
0 0.601097 0.419195 0.039185 0.079426
0 0.601881 0.268064 0.037618 0.077220
0 0.612069 0.123552 0.039185 0.088252
0 0.626176 0.952013 0.039185 0.072808
0 0.637931 0.830667 0.040752 0.090458
0 0.641066 0.698290 0.040752 0.077220
0 0.648903 0.561500 0.043887 0.077220
0 0.652821 0.421401 0.036050 0.079426
0 0.658307 0.275786 0.043887 0.088252
0 0.659091 0.949807 0.039185 0.072808
0 0.083072 0.686156 0.037618 0.092664
0 0.670063 0.118036 0.039185 0.103696
0 0.670846 0.832874 0.040752 0.090458
0 0.675549 0.702703 0.040752 0.077220
0 0.683386 0.559294 0.043887 0.077220
0 0.690439 0.425814 0.036050 0.079426
0 0.691223 0.949807 0.031348 0.072808
0 0.711599 0.702703 0.040752 0.077220
0 0.710815 0.124655 0.039185 0.094870
0 0.721003 0.561500 0.043887 0.077220
0 0.726489 0.423607 0.036050 0.079426
0 0.086991 0.820739 0.032915 0.092664
0 0.725705 0.952013 0.031348 0.072808
0 0.737461 0.281302 0.042320 0.081633
0 0.746082 0.702703 0.040752 0.077220
0 0.749216 0.132377 0.043887 0.088252
0 0.754702 0.563707 0.039185 0.090458
0 0.755486 0.954220 0.031348 0.072808
0 0.762539 0.423607 0.036050 0.079426
0 0.777429 0.273580 0.037618 0.092664
0 0.786834 0.130171 0.043887 0.088252
0 0.786834 0.704909 0.040752 0.077220
0 0.789185 0.563707 0.039185 0.090458
0 0.789969 0.952013 0.031348 0.072808
0 0.798589 0.426917 0.039185 0.081633
0 0.809561 0.280199 0.032915 0.075014
0 0.816614 0.704909 0.040752 0.077220
0 0.822884 0.130171 0.043887 0.088252
0 0.098746 0.950910 0.037618 0.070601
0 0.822884 0.947601 0.037618 0.072808
0 0.827586 0.570325 0.040752 0.086045
0 0.834639 0.422504 0.039185 0.081633
0 0.844828 0.284611 0.037618 0.075014
0 0.854232 0.701600 0.040752 0.083839
0 0.860502 0.132377 0.043887 0.088252
0 0.857367 0.949807 0.037618 0.072808
0 0.863636 0.570325 0.040752 0.086045
0 0.873824 0.429123 0.039185 0.081633
0 0.878527 0.831771 0.039185 0.079426
0 0.882445 0.286817 0.037618 0.075014
0 0.888715 0.700496 0.040752 0.090458
0 0.893417 0.141202 0.043887 0.088252
0 0.898119 0.943188 0.037618 0.072808
0 0.899687 0.574738 0.040752 0.086045
0 0.106583 0.249311 0.037618 0.101489
0 0.908307 0.419195 0.039185 0.083839
0 0.107367 0.097077 0.036050 0.092664
0 0.921630 0.702703 0.040752 0.090458
0 0.924765 0.284611 0.037618 0.075014
0 0.932602 0.138996 0.043887 0.088252
0 0.932602 0.576944 0.040752 0.086045
0 0.941223 0.421401 0.039185 0.083839
0 0.112069 0.402648 0.039185 0.086045
0 0.956113 0.286817 0.037618 0.075014
0 0.970219 0.141202 0.043887 0.088252
0 0.115204 0.554881 0.039185 0.086045
0 0.027429 0.082736 0.036050 0.103696
0 0.121473 0.687259 0.039185 0.086045
0 0.124608 0.820739 0.039185 0.092664
0 0.134796 0.948704 0.037618 0.079426
0 0.031348 0.246001 0.037618 0.094870
0 0.148903 0.251517 0.037618 0.101489
0 0.155956 0.407060 0.039185 0.086045
0 0.157524 0.689465 0.039185 0.086045
0 0.159091 0.820739 0.039185 0.092664
0 0.159091 0.554881 0.039185 0.086045
0 0.170846 0.953116 0.037618 0.079426
0 0.193574 0.404854 0.039185 0.086045
0 0.193574 0.554881 0.039185 0.086045
0 0.036834 0.400441 0.039185 0.086045
0 0.199060 0.820739 0.040752 0.092664
0 0.199843 0.689465 0.039185 0.086045
0 0.202194 0.953116 0.037618 0.079426
0 0.038401 0.548263 0.039185 0.086045
0 0.231191 0.554881 0.039185 0.086045
0 0.234326 0.693878 0.039185 0.086045
0 0.234326 0.407060 0.039185 0.086045
0 0.237461 0.828461 0.036050 0.077220
0 0.239812 0.950910 0.037618 0.079426
0 0.267241 0.554881 0.039185 0.086045
0 0.270376 0.409266 0.039185 0.086045
0 0.275078 0.689465 0.039185 0.086045
0 0.272727 0.828461 0.034483 0.077220
0 0.280564 0.953116 0.037618 0.079426
0 0.307994 0.552675 0.039185 0.086045
0 0.307994 0.828461 0.036050 0.077220
0 0.311129 0.413679 0.039185 0.086045
0 0.312696 0.689465 0.039185 0.086045
0 0.315047 0.953116 0.037618 0.079426
0 0.347179 0.828461 0.042320 0.077220
0 0.348746 0.108108 0.042320 0.092664
0 0.347179 0.415885 0.039185 0.086045
0 0.348746 0.559294 0.039185 0.086045
0 0.351097 0.953116 0.037618 0.079426
0 0.351097 0.689465 0.031348 0.077220
0 0.050940 0.683949 0.032915 0.097077
0 0.387931 0.956426 0.039185 0.068395
0 0.054075 0.818533 0.032915 0.092664
0 0.404389 0.828461 0.040752 0.081633
0 0.406740 0.691671 0.039185 0.077220
0 0.409875 0.546056 0.039185 0.086045
1 0.911442 0.829564 0.039185 0.079426
1 0.143417 0.092664 0.039185 0.092664
1 0.184169 0.097077 0.039185 0.092664
1 0.228056 0.103696 0.039185 0.092664
1 0.267241 0.103696 0.039185 0.092664
1 0.311129 0.105902 0.042320 0.092664
4 0.699060 0.275786 0.043887 0.088252
4 0.188088 0.258136 0.037618 0.097077
4 0.228840 0.258136 0.037618 0.097077
4 0.268025 0.263651 0.037618 0.090458
4 0.309561 0.261445 0.039185 0.090458
4 0.348746 0.263651 0.039185 0.090458
10 0.556426 0.819636 0.040752 0.081633
10 0.705329 0.830667 0.040752 0.090458
10 0.739812 0.828461 0.040752 0.090458
10 0.772727 0.828461 0.040752 0.090458
10 0.807994 0.838389 0.045455 0.079426
10 0.844044 0.836183 0.039185 0.079426