0 0.056338 0.714643 0.112676 0.277847
0 0.139085 0.699625 0.112676 0.277847
0 0.931338 0.299124 0.112676 0.277847
0 0.154049 0.287860 0.103873 0.265332
0 0.249120 0.290363 0.103873 0.265332
0 0.255282 0.704631 0.112676 0.277847
0 0.362676 0.714643 0.112676 0.277847
0 0.055458 0.282854 0.103873 0.265332
1 0.584507 0.301627 0.112676 0.277847
1 0.697183 0.309136 0.112676 0.277847
1 0.813380 0.291615 0.112676 0.277847
1 0.353873 0.295369 0.109155 0.265332
1 0.480634 0.297872 0.109155 0.265332
4 0.578345 0.735920 0.107394 0.260325
4 0.692782 0.738423 0.107394 0.260325
4 0.794894 0.735920 0.107394 0.260325
4 0.919894 0.745932 0.107394 0.260325
4 0.469190 0.732165 0.107394 0.277847