0 0.774788 0.665289 0.082153 0.086777
0 0.777620 0.949380 0.076487 0.084711
0 0.780453 0.202479 0.082153 0.086777
0 0.796034 0.510331 0.084986 0.086777
0 0.793201 0.807851 0.073654 0.099174
0 0.851275 0.665289 0.082153 0.086777
0 0.848442 0.951446 0.076487 0.084711
0 0.862606 0.202479 0.082153 0.086777
0 0.864023 0.811983 0.079320 0.099174
0 0.866856 0.510331 0.084986 0.086777
0 0.869688 0.352273 0.079320 0.101240
0 0.919263 0.665289 0.082153 0.086777
0 0.919263 0.953512 0.076487 0.084711
0 0.926346 0.816116 0.067989 0.099174
0 0.929178 0.512397 0.073654 0.086777
0 0.930595 0.202479 0.070822 0.086777
0 0.937677 0.352273 0.062323 0.101240
0 0.160057 0.196281 0.082153 0.086777
0 0.160057 0.357438 0.076487 0.086777
0 0.165722 0.671488 0.082153 0.086777
0 0.161473 0.516529 0.073654 0.086777
0 0.168555 0.818182 0.082153 0.086777
0 0.161473 0.957645 0.067989 0.064050
0 0.236544 0.198347 0.082153 0.086777
0 0.247875 0.671488 0.082153 0.086777
0 0.240793 0.947314 0.067989 0.064050
0 0.249292 0.518595 0.084986 0.086777
0 0.250708 0.820248 0.082153 0.086777
0 0.313031 0.196281 0.082153 0.086777
0 0.321530 0.353306 0.082153 0.082645
0 0.321530 0.954545 0.076487 0.074380
0 0.330028 0.813017 0.082153 0.097107
0 0.075071 0.196281 0.082153 0.086777
0 0.389518 0.194215 0.082153 0.103306
0 0.395184 0.956612 0.076487 0.074380
0 0.398017 0.353306 0.082153 0.103306
0 0.410765 0.822314 0.084986 0.082645
0 0.075071 0.357438 0.076487 0.086777
0 0.466006 0.963585 0.076487 0.071798
0 0.471671 0.192149 0.082153 0.103306
0 0.474504 0.351240 0.082153 0.103306
0 0.477337 0.671488 0.082153 0.086777
0 0.487252 0.818182 0.084986 0.082645
0 0.086402 0.822314 0.082153 0.086777
0 0.089235 0.669421 0.082153 0.086777
0 0.550992 0.196281 0.082153 0.103306
0 0.553824 0.358471 0.082153 0.092975
0 0.555241 0.514463 0.084986 0.086777
0 0.084986 0.959711 0.067989 0.064050
0 0.563739 0.814050 0.084986 0.099174
0 0.090652 0.514463 0.073654 0.086777
0 0.624646 0.196281 0.082153 0.103306
0 0.638810 0.362603 0.082153 0.092975
0 0.643059 0.818182 0.084986 0.086777
0 0.701133 0.198347 0.082153 0.086777
0 0.701133 0.953512 0.076487 0.084711
0 0.709632 0.360537 0.082153 0.092975
0 0.725212 0.816116 0.084986 0.086777
2 0.327195 0.669421 0.082153 0.086777
2 0.331445 0.518595 0.084986 0.086777
2 0.400850 0.671488 0.082153 0.086777
2 0.407932 0.516529 0.084986 0.086777
2 0.484419 0.514463 0.084986 0.086777
2 0.553824 0.667355 0.082153 0.086777
2 0.621813 0.667355 0.082153 0.086777
2 0.640227 0.514463 0.084986 0.086777
2 0.703966 0.667355 0.082153 0.086777
2 0.719547 0.514463 0.084986 0.086777
5 0.236544 0.355372 0.076487 0.086777
8 0.786119 0.362603 0.082153 0.092975
9 0.545326 0.958678 0.076487 0.074380
9 0.616147 0.958678 0.076487 0.074380