0 0.272222 0.354334 0.079630 0.208432
0 0.278704 0.737091 0.072222 0.227380
0 0.343981 0.767409 0.067593 0.185694
0 0.346296 0.333491 0.072222 0.234960
0 0.416667 0.335386 0.072222 0.234960
0 0.419907 0.771198 0.067593 0.185694
0 0.489352 0.762672 0.067593 0.214117
0 0.492593 0.341071 0.072222 0.234960
0 0.553241 0.756987 0.067593 0.214117
0 0.563889 0.364756 0.072222 0.202748
0 0.618519 0.769304 0.059259 0.189484
0 0.626852 0.370441 0.072222 0.202748
0 0.675926 0.769304 0.059259 0.189484
0 0.735185 0.755092 0.061111 0.214117
0 0.798148 0.751303 0.061111 0.214117
0 0.119444 0.346755 0.079630 0.208432
0 0.855556 0.767409 0.061111 0.178115
0 0.881481 0.351492 0.072222 0.233065
0 0.917593 0.767409 0.061111 0.178115
0 0.126852 0.761724 0.072222 0.200853
0 0.946296 0.351492 0.072222 0.233065
0 0.209259 0.735197 0.072222 0.227380
5 0.200000 0.350545 0.079630 0.208432
8 0.692593 0.368546 0.072222 0.202748
8 0.754630 0.372335 0.072222 0.202748
8 0.817593 0.376125 0.072222 0.202748