0 0.313889 0.765018 0.070370 0.187279
0 0.069907 0.757067 0.078704 0.220848
0 0.068056 0.333922 0.073148 0.194346
0 0.384259 0.321555 0.070370 0.219081
0 0.386111 0.761484 0.070370 0.187279
0 0.454630 0.757951 0.064815 0.187279
0 0.457407 0.342756 0.068519 0.187279
0 0.522222 0.754417 0.064815 0.187279
0 0.525926 0.342756 0.068519 0.187279
0 0.591667 0.757951 0.064815 0.187279
0 0.598148 0.340989 0.068519 0.187279
0 0.661111 0.744700 0.064815 0.206714
0 0.665741 0.339223 0.068519 0.187279
0 0.729630 0.742049 0.064815 0.208481
0 0.797685 0.749117 0.058333 0.176678
0 0.858796 0.742049 0.058333 0.176678
0 0.868519 0.315371 0.064815 0.213781
0 0.933333 0.726148 0.068519 0.201413
0 0.937500 0.310954 0.065741 0.204947
0 0.142130 0.340989 0.073148 0.194346
0 0.153241 0.767668 0.071296 0.192580
0 0.227315 0.764134 0.071296 0.192580
5 0.299537 0.337456 0.073148 0.194346
5 0.218056 0.339223 0.073148 0.194346
8 0.729630 0.340989 0.068519 0.187279
8 0.799074 0.339223 0.064815 0.180212