0 0.319444 0.793497 0.090741 0.240773
0 0.411574 0.309315 0.097222 0.330404
0 0.414352 0.765378 0.089815 0.289982
0 0.090278 0.318981 0.106481 0.282953
0 0.510648 0.786467 0.089815 0.230228
0 0.518056 0.309315 0.097222 0.330404
0 0.610648 0.798770 0.089815 0.230228
0 0.620833 0.347100 0.097222 0.279438
0 0.702315 0.788225 0.089815 0.230228
0 0.727315 0.344464 0.097222 0.270650
0 0.115278 0.780316 0.091667 0.246046
0 0.800463 0.791740 0.089815 0.237258
0 0.825463 0.351494 0.097222 0.270650
0 0.926389 0.353251 0.097222 0.270650
0 0.197685 0.331283 0.106481 0.282953
0 0.214815 0.765378 0.098148 0.297012
5 0.899537 0.804042 0.089815 0.237258
8 0.309259 0.331283 0.100000 0.282953