0 0.399148 0.289133 0.082386 0.159521
0 0.400568 0.903290 0.082386 0.167498
0 0.409091 0.596211 0.071023 0.159521
0 0.079545 0.289133 0.082386 0.159521
0 0.471591 0.899302 0.082386 0.167498
0 0.480114 0.287139 0.082386 0.159521
0 0.085227 0.881356 0.082386 0.167498
0 0.485085 0.583250 0.075284 0.193420
0 0.568892 0.585244 0.075284 0.193420
0 0.645597 0.594217 0.075284 0.163509
0 0.704545 0.889332 0.082386 0.179462
0 0.109375 0.594217 0.082386 0.159521
0 0.726562 0.594217 0.075284 0.163509
0 0.778409 0.881356 0.082386 0.179462
0 0.796875 0.289133 0.082386 0.159521
0 0.801136 0.584247 0.082386 0.187438
0 0.857955 0.893320 0.071023 0.151545
0 0.875000 0.600199 0.082386 0.167498
0 0.877841 0.285145 0.082386 0.159521
0 0.934659 0.895314 0.071023 0.151545
0 0.953125 0.596211 0.082386 0.167498
0 0.954545 0.285145 0.082386 0.159521
0 0.151989 0.287139 0.082386 0.159521
0 0.160511 0.869392 0.082386 0.167498
0 0.180398 0.596211 0.082386 0.159521
0 0.240057 0.903290 0.082386 0.167498
0 0.240057 0.287139 0.082386 0.159521
0 0.256392 0.580259 0.080966 0.187438
0 0.313920 0.895314 0.082386 0.167498
0 0.319602 0.285145 0.082386 0.159521
0 0.330966 0.596211 0.071023 0.159521
2 0.558239 0.287139 0.082386 0.159521
2 0.639205 0.289133 0.082386 0.159521
2 0.717330 0.291127 0.082386 0.159521
9 0.549716 0.899302 0.082386 0.167498
9 0.625000 0.903290 0.082386 0.167498