72 0.610228 0.497634 0.693770 0.995269
39 0.542192 0.343233 0.065930 0.208927
39 0.464922 0.321737 0.072600 0.123959
39 0.400486 0.513532 0.095115 0.254334
39 0.662840 0.569363 0.063579 0.155634
39 0.709269 0.553358 0.053810 0.158230
39 0.653591 0.086686 0.067125 0.165471
39 0.596211 0.661551 0.085849 0.168346
39 0.554407 0.526755 0.080883 0.170277
39 0.595876 0.089853 0.055974 0.175142
39 0.529628 0.090114 0.058703 0.173431
39 0.915991 0.074008 0.040440 0.143578
39 0.398089 0.333527 0.066946 0.129691