72 0.578449 0.498217 0.646353 0.996433
39 0.663540 0.627209 0.061346 0.199736
39 0.543121 0.380304 0.065626 0.211384
39 0.709405 0.606856 0.050524 0.185489
39 0.398923 0.371071 0.069475 0.132052
72 0.175804 0.495741 0.350706 0.985723
39 0.479672 0.524378 0.083702 0.240169
39 0.554639 0.560342 0.080887 0.163642
39 0.593734 0.105083 0.058942 0.210166
39 0.401060 0.506205 0.094300 0.171305
39 0.652294 0.112289 0.069865 0.196652
39 0.440278 0.700120 0.101407 0.270836
39 0.527797 0.110675 0.059920 0.217644
39 0.377177 0.741872 0.057246 0.298845