72 0.626062 0.498554 0.737735 0.997109
39 0.542232 0.341821 0.066689 0.185517
0 0.725456 0.308037 0.547949 0.598895
39 0.653873 0.088879 0.066538 0.170013
39 0.595006 0.090795 0.056889 0.175492
39 0.465710 0.324746 0.072426 0.121689
39 0.658583 0.625409 0.072401 0.144321
39 0.440496 0.698947 0.101213 0.328106
39 0.542680 0.397611 0.065488 0.295657
39 0.399822 0.342960 0.064857 0.125171
39 0.705255 0.084649 0.068510 0.166812
39 0.542365 0.457852 0.067340 0.416374
39 0.400137 0.474132 0.094138 0.164759
39 0.526125 0.093475 0.061472 0.178183