72 0.603919 0.496917 0.692387 0.993835
72 0.472565 0.497217 0.781390 0.994435
39 0.665873 0.618867 0.059564 0.196545
39 0.712106 0.597963 0.047735 0.186679
39 0.543886 0.368629 0.067072 0.211106
39 0.655307 0.099407 0.065415 0.194372
39 0.399846 0.364719 0.069654 0.132660
39 0.482407 0.515354 0.079786 0.240785
39 0.592953 0.105290 0.060745 0.206676
39 0.598242 0.678153 0.087250 0.148514
39 0.378488 0.736897 0.058776 0.303628
39 0.441144 0.697367 0.100402 0.276742
39 0.525669 0.104345 0.064638 0.203765
39 0.705947 0.090696 0.067003 0.176486
39 0.401927 0.504403 0.094753 0.189401