72 0.603831 0.499384 0.701920 0.998767
39 0.537218 0.368644 0.064060 0.212254
39 0.659591 0.616125 0.059388 0.196855
39 0.706752 0.597745 0.045518 0.187555
39 0.393047 0.359957 0.070106 0.129463
39 0.550185 0.550272 0.078610 0.167872
39 0.476329 0.528374 0.080337 0.273275
39 0.397275 0.538409 0.093400 0.262373
39 0.699579 0.097382 0.065724 0.189828
39 0.649770 0.099770 0.062519 0.193039
39 0.520351 0.104028 0.065342 0.205772
39 0.592489 0.675751 0.083650 0.148288
72 0.458399 0.499805 0.862720 0.999611
39 0.375797 0.730852 0.056090 0.295134