72 0.467995 0.500000 0.762561 1.000000
72 0.616571 0.499570 0.714043 0.999140
39 0.540466 0.363837 0.064842 0.210333
39 0.707946 0.589855 0.045401 0.185954
39 0.661117 0.612443 0.059919 0.192382
39 0.395628 0.355215 0.069248 0.133967
39 0.975560 0.085033 0.048359 0.162861
39 0.552266 0.541722 0.079943 0.165452
39 0.476108 0.514987 0.081894 0.268161
39 0.651198 0.094552 0.065953 0.187003
39 0.399882 0.525567 0.096155 0.250200
39 0.589150 0.100072 0.064183 0.194144
39 0.703798 0.092403 0.064403 0.184795
39 0.377669 0.722303 0.056881 0.292351